0
9.81
1.0
0.7
0.0 0.0
5.0 5.0
15.0
40.0
30.0 102.0 1009.0 105.0
62.0 636.0 918.0 47.0
921.0 167.0 59.0 492.0
398.0 197.0 31.0 100.0
71.0 196.0 79.0 300.0
78.0 492.0 72.0 159.0
308.0 349.0 119.0 43.0
395.0 284.0 30.0 69.0
310.0 350.0 32.0 135.0
310.0 445.0 145.0 40.0
517.0 399.0 69.0 241.0
372.0 540.0 69.0 100.0
144.0 546.0 156.0 48.0
517.0 401.0 160.0 46.0
420.0 182.0 541.0 44.0
425.0 176.0 513.0 74.0
404.0 246.0 47.0 144.0
222.0 273.0 182.0 26.0
221.0 292.0 23.0 194.0
521.0 309.0 150.0 28.0
642.0 308.0 34.0 98.0
426.0 541.0 22.0 97.0
420.0 541.0 32.0 96.0
651.0 431.0 24.0 143.0
728.0 324.0 35.0 260.0
728.0 542.0 122.0 37.0
819.0 312.0 36.0 230.0
816.0 526.0 39.0 52.0
728.0 316.0 31.0 35.0